[theme]
NK_COLOR_TEXT=204, 182, 214, 255
NK_COLOR_WINDOW=47, 67, 49, 215
NK_COLOR_BUTTON=60, 83, 72, 255
NK_COLOR_TOGGLE_CURSOR=23, 121, 74, 255
NK_COLOR_HEADER=38, 51, 39, 220
NK_COLOR_SLIDER_CURSOR=23, 121, 75, 229
NK_COLOR_BORDER=36, 46, 36, 255
NK_COLOR_BUTTON_ACTIVE=59, 98, 85, 255
NK_COLOR_BUTTON_HOVER=60, 93, 80, 255
NK_COLOR_TOGGLE=43, 58, 44, 255
NK_COLOR_TOGGLE_HOVER=41, 53, 42, 255
NK_COLOR_SCROLLBAR_CURSOR_HOVER=60, 88, 76, 255
NK_COLOR_SELECT=47, 67, 47, 255
NK_COLOR_SELECT_ACTIVE=60, 83, 72, 255
NK_COLOR_EDIT_CURSOR=45, 35, 45, 255
NK_COLOR_SLIDER=36, 52, 37, 255
NK_COLOR_SLIDER_CURSOR_ACTIVE=60, 93, 80, 255
NK_COLOR_SLIDER_CURSOR_HOVER=60, 88, 76, 255
NK_COLOR_PROPERTY=43, 58, 44, 255
NK_COLOR_EDIT=43, 58, 44, 225
NK_COLOR_SCROLLBAR=43, 58, 44, 255
NK_COLOR_COMBO=43, 58, 44, 255
NK_COLOR_CHART=43, 58, 44, 255
NK_COLOR_CHART_COLOR=60, 83, 72, 255
NK_COLOR_CHART_COLOR_HIGHLIGHT=0, 0, 0, 255
NK_COLOR_TAB_HEADER=60, 83, 72, 255
NK_COLOR_SCROLLBAR_CURSOR=60, 83, 72, 255
NK_COLOR_SCROLLBAR_CURSOR_ACTIVE=60, 93, 80, 255
[background]
bg=0.003495, 0.160784, 0.003495, 255.000000
