[theme]
NK_COLOR_TEXT=45, 35, 35, 255
NK_COLOR_WINDOW=70, 129, 126, 215
NK_COLOR_BUTTON=75, 137, 123, 0
NK_COLOR_TOGGLE_CURSOR=60, 83, 78, 255
NK_COLOR_HEADER=69, 135, 135, 220
NK_COLOR_SLIDER_CURSOR=60, 83, 78, 245
NK_COLOR_BORDER=36, 46, 46, 255
NK_COLOR_BUTTON_ACTIVE=59, 98, 86, 255
NK_COLOR_BUTTON_HOVER=141, 147, 147, 255
NK_COLOR_TOGGLE=43, 58, 58, 255
NK_COLOR_TOGGLE_HOVER=41, 53, 53, 255
NK_COLOR_SCROLLBAR_CURSOR_HOVER=60, 88, 81, 255
NK_COLOR_SELECT=43, 60, 61, 255
NK_COLOR_SELECT_ACTIVE=60, 83, 78, 255
NK_COLOR_EDIT_CURSOR=45, 35, 35, 255
NK_COLOR_SLIDER=43, 58, 58, 255
NK_COLOR_SLIDER_CURSOR_ACTIVE=60, 93, 84, 255
NK_COLOR_SLIDER_CURSOR_HOVER=60, 88, 81, 255
NK_COLOR_PROPERTY=43, 58, 58, 255
NK_COLOR_EDIT=43, 58, 58, 225
NK_COLOR_SCROLLBAR=43, 58, 58, 255
NK_COLOR_COMBO=43, 58, 58, 255
NK_COLOR_CHART=43, 58, 58, 255
NK_COLOR_CHART_COLOR=60, 83, 78, 255
NK_COLOR_CHART_COLOR_HIGHLIGHT=0, 0, 0, 255
NK_COLOR_TAB_HEADER=60, 83, 78, 255
NK_COLOR_SCROLLBAR_CURSOR=60, 83, 78, 255
NK_COLOR_SCROLLBAR_CURSOR_ACTIVE=60, 93, 84, 255
[background]
bg=0.194118, 0.253496, 0.270588, 255.000000
