[theme]
NK_COLOR_TEXT=45, 45, 45, 255
NK_COLOR_WINDOW=184, 194, 198, 215
NK_COLOR_BUTTON=144, 179, 207, 255
NK_COLOR_TOGGLE_CURSOR=144, 179, 207, 255
NK_COLOR_HEADER=199, 199, 204, 220
NK_COLOR_SLIDER_CURSOR=144, 179, 207, 245
NK_COLOR_BORDER=209, 209, 209, 255
NK_COLOR_BUTTON_ACTIVE=129, 164, 192, 255
NK_COLOR_BUTTON_HOVER=134, 169, 197, 255
NK_COLOR_TOGGLE=194, 202, 205, 255
NK_COLOR_TOGGLE_HOVER=199, 207, 210, 255
NK_COLOR_SCROLLBAR_CURSOR_HOVER=139, 174, 202, 255
NK_COLOR_SELECT=188, 198, 192, 255
NK_COLOR_SELECT_ACTIVE=144, 179, 207, 255
NK_COLOR_EDIT_CURSOR=45, 45, 45, 255
NK_COLOR_SLIDER=194, 202, 205, 255
NK_COLOR_SLIDER_CURSOR_ACTIVE=134, 169, 197, 255
NK_COLOR_SLIDER_CURSOR_HOVER=139, 174, 202, 255
NK_COLOR_PROPERTY=194, 202, 205, 255
NK_COLOR_EDIT=194, 202, 205, 225
NK_COLOR_SCROLLBAR=194, 202, 205, 255
NK_COLOR_COMBO=194, 202, 205, 255
NK_COLOR_CHART=194, 202, 205, 255
NK_COLOR_CHART_COLOR=144, 179, 207, 255
NK_COLOR_CHART_COLOR_HIGHLIGHT=255, 0, 0, 255
NK_COLOR_TAB_HEADER=144, 179, 207, 255
NK_COLOR_SCROLLBAR_CURSOR=144, 179, 207, 255
NK_COLOR_SCROLLBAR_CURSOR_ACTIVE=134, 169, 197, 255
[background]
bg=0.419608, 0.417219, 0.379001, 255.000000
