[theme]
NK_COLOR_TEXT=210, 210, 210, 255
NK_COLOR_WINDOW=71, 61, 57, 215
NK_COLOR_BUTTON=111, 76, 48, 255
NK_COLOR_TOGGLE_CURSOR=111, 76, 48, 255
NK_COLOR_HEADER=56, 56, 51, 220
NK_COLOR_SLIDER_CURSOR=111, 76, 48, 245
NK_COLOR_BORDER=46, 46, 46, 255
NK_COLOR_BUTTON_ACTIVE=126, 91, 63, 255
NK_COLOR_BUTTON_HOVER=121, 86, 58, 255
NK_COLOR_TOGGLE=61, 53, 50, 255
NK_COLOR_TOGGLE_HOVER=56, 48, 45, 255
NK_COLOR_SCROLLBAR_CURSOR_HOVER=116, 81, 53, 255
NK_COLOR_SELECT=67, 57, 63, 255
NK_COLOR_SELECT_ACTIVE=111, 76, 48, 255
NK_COLOR_EDIT_CURSOR=210, 210, 210, 255
NK_COLOR_SLIDER=61, 53, 50, 255
NK_COLOR_SLIDER_CURSOR_ACTIVE=121, 86, 58, 255
NK_COLOR_SLIDER_CURSOR_HOVER=116, 81, 53, 255
NK_COLOR_PROPERTY=61, 53, 50, 255
NK_COLOR_EDIT=61, 53, 50, 225
NK_COLOR_SCROLLBAR=61, 53, 50, 255
NK_COLOR_COMBO=61, 53, 50, 255
NK_COLOR_CHART=61, 53, 50, 255
NK_COLOR_CHART_COLOR=111, 76, 48, 255
NK_COLOR_CHART_COLOR_HIGHLIGHT=0, 255, 255, 255
NK_COLOR_TAB_HEADER=111, 76, 48, 255
NK_COLOR_SCROLLBAR_CURSOR=111, 76, 48, 255
NK_COLOR_SCROLLBAR_CURSOR_ACTIVE=121, 86, 58, 255
[background]
bg=0.170000, 0.210000, 0.240000, 255.000000
