[theme]
NK_COLOR_TEXT=210, 210, 210, 255
NK_COLOR_WINDOW=57, 54, 53, 215
NK_COLOR_BUTTON=48, 40, 33, 255
NK_COLOR_TOGGLE_CURSOR=89, 63, 46, 255
NK_COLOR_HEADER=51, 51, 50, 220
NK_COLOR_SLIDER_CURSOR=105, 88, 70, 245
NK_COLOR_BORDER=46, 46, 46, 255
NK_COLOR_BUTTON_ACTIVE=72, 52, 42, 255
NK_COLOR_BUTTON_HOVER=58, 48, 39, 255
NK_COLOR_TOGGLE=20, 18, 18, 255
NK_COLOR_TOGGLE_HOVER=45, 43, 43, 255
NK_COLOR_SCROLLBAR_CURSOR_HOVER=53, 44, 36, 255
NK_COLOR_SELECT=57, 54, 56, 255
NK_COLOR_SELECT_ACTIVE=254, 246, 246, 255
NK_COLOR_EDIT_CURSOR=210, 210, 210, 255
NK_COLOR_SLIDER=50, 48, 47, 255
NK_COLOR_SLIDER_CURSOR_ACTIVE=58, 48, 39, 255
NK_COLOR_SLIDER_CURSOR_HOVER=53, 44, 36, 255
NK_COLOR_PROPERTY=50, 48, 47, 255
NK_COLOR_EDIT=50, 48, 47, 225
NK_COLOR_SCROLLBAR=50, 48, 47, 255
NK_COLOR_COMBO=50, 48, 47, 255
NK_COLOR_CHART=50, 48, 47, 255
NK_COLOR_CHART_COLOR=48, 40, 33, 255
NK_COLOR_CHART_COLOR_HIGHLIGHT=0, 0, 0, 255
NK_COLOR_TAB_HEADER=48, 40, 33, 255
NK_COLOR_SCROLLBAR_CURSOR=48, 40, 33, 255
NK_COLOR_SCROLLBAR_CURSOR_ACTIVE=58, 48, 39, 255
[background]
bg=0.419608, 0.417219, 0.379001, 255.000000
