[theme]
NK_COLOR_TEXT=68, 181, 66, 255
NK_COLOR_WINDOW=24, 39, 26, 215
NK_COLOR_BUTTON=31, 51, 42, 33
NK_COLOR_TOGGLE_CURSOR=48, 172, 111, 255
NK_COLOR_HEADER=28, 43, 28, 220
NK_COLOR_SLIDER_CURSOR=48, 172, 111, 245
NK_COLOR_BORDER=46, 209, 46, 255
NK_COLOR_BUTTON_ACTIVE=63, 157, 126, 255
NK_COLOR_BUTTON_HOVER=49, 47, 47, 255
NK_COLOR_TOGGLE=2, 4, 2, 255
NK_COLOR_TOGGLE_HOVER=45, 202, 56, 255
NK_COLOR_SCROLLBAR_CURSOR_HOVER=53, 167, 116, 255
NK_COLOR_SELECT=57, 188, 61, 255
NK_COLOR_SELECT_ACTIVE=48, 172, 111, 255
NK_COLOR_EDIT_CURSOR=210, 45, 210, 255
NK_COLOR_SLIDER=50, 197, 61, 255
NK_COLOR_SLIDER_CURSOR_ACTIVE=58, 162, 121, 255
NK_COLOR_SLIDER_CURSOR_HOVER=53, 167, 116, 255
NK_COLOR_PROPERTY=50, 197, 61, 255
NK_COLOR_EDIT=50, 197, 61, 225
NK_COLOR_SCROLLBAR=50, 197, 61, 255
NK_COLOR_COMBO=50, 197, 61, 255
NK_COLOR_CHART=50, 197, 61, 255
NK_COLOR_CHART_COLOR=48, 172, 111, 255
NK_COLOR_CHART_COLOR_HIGHLIGHT=255, 255, 0, 255
NK_COLOR_TAB_HEADER=48, 172, 111, 255
NK_COLOR_SCROLLBAR_CURSOR=48, 172, 111, 255
NK_COLOR_SCROLLBAR_CURSOR_ACTIVE=58, 162, 121, 255
[background]
bg=0.049397, 0.050302, 0.050980, 255.000000
