[theme]
NK_COLOR_TEXT=247, 220, 220, 255
NK_COLOR_WINDOW=71, 35, 71, 215
NK_COLOR_BUTTON=84, 24, 84, 255
NK_COLOR_TOGGLE_CURSOR=196, 8, 240, 255
NK_COLOR_HEADER=237, 18, 199, 220
NK_COLOR_SLIDER_CURSOR=173, 116, 144, 245
NK_COLOR_BORDER=46, 0, 0, 255
NK_COLOR_BUTTON_ACTIVE=190, 100, 129, 255
NK_COLOR_BUTTON_HOVER=139, 9, 136, 255
NK_COLOR_TOGGLE=56, 4, 48, 255
NK_COLOR_TOGGLE_HOVER=216, 155, 199, 255
NK_COLOR_SCROLLBAR_CURSOR_HOVER=180, 111, 139, 255
NK_COLOR_SELECT=227, 188, 92, 255
NK_COLOR_SELECT_ACTIVE=173, 116, 144, 255
NK_COLOR_EDIT_CURSOR=210, 0, 0, 255
NK_COLOR_SLIDER=220, 151, 194, 255
NK_COLOR_SLIDER_CURSOR_ACTIVE=185, 105, 134, 255
NK_COLOR_SLIDER_CURSOR_HOVER=180, 111, 139, 255
NK_COLOR_PROPERTY=220, 151, 194, 255
NK_COLOR_EDIT=220, 151, 194, 225
NK_COLOR_SCROLLBAR=220, 151, 194, 255
NK_COLOR_COMBO=220, 151, 194, 255
NK_COLOR_CHART=220, 151, 194, 255
NK_COLOR_CHART_COLOR=173, 116, 144, 255
NK_COLOR_CHART_COLOR_HIGHLIGHT=255, 0, 0, 255
NK_COLOR_TAB_HEADER=173, 116, 144, 255
NK_COLOR_SCROLLBAR_CURSOR=173, 116, 144, 255
NK_COLOR_SCROLLBAR_CURSOR_ACTIVE=185, 105, 134, 255
[background]
bg=0.170000, 0.210000, 0.240000, 255.000000
