[theme]
NK_COLOR_TEXT=45, 210, 210, 255
NK_COLOR_WINDOW=54, 33, 33, 215
NK_COLOR_BUTTON=172, 48, 76, 255
NK_COLOR_TOGGLE_CURSOR=172, 48, 76, 255
NK_COLOR_HEADER=66, 35, 37, 220
NK_COLOR_SLIDER_CURSOR=172, 48, 76, 245
NK_COLOR_BORDER=209, 46, 46, 255
NK_COLOR_BUTTON_ACTIVE=157, 63, 91, 255
NK_COLOR_BUTTON_HOVER=162, 58, 86, 255
NK_COLOR_TOGGLE=38, 3, 3, 255
NK_COLOR_TOGGLE_HOVER=202, 45, 48, 255
NK_COLOR_SCROLLBAR_CURSOR_HOVER=167, 53, 81, 255
NK_COLOR_SELECT=21, 4, 3, 255
NK_COLOR_SELECT_ACTIVE=172, 48, 76, 255
NK_COLOR_EDIT_CURSOR=45, 210, 210, 255
NK_COLOR_SLIDER=197, 50, 53, 255
NK_COLOR_SLIDER_CURSOR_ACTIVE=162, 58, 86, 255
NK_COLOR_SLIDER_CURSOR_HOVER=167, 53, 81, 255
NK_COLOR_PROPERTY=197, 50, 53, 255
NK_COLOR_EDIT=197, 50, 53, 225
NK_COLOR_SCROLLBAR=197, 50, 53, 255
NK_COLOR_COMBO=197, 50, 53, 255
NK_COLOR_CHART=197, 50, 53, 255
NK_COLOR_CHART_COLOR=172, 48, 76, 255
NK_COLOR_CHART_COLOR_HIGHLIGHT=255, 255, 255, 255
NK_COLOR_TAB_HEADER=172, 48, 76, 255
NK_COLOR_SCROLLBAR_CURSOR=172, 48, 76, 255
NK_COLOR_SCROLLBAR_CURSOR_ACTIVE=162, 58, 86, 255
[background]
bg=0.111667, 0.143353, 0.207843, 255.000000
