[theme]
NK_COLOR_TEXT=45, 45, 45, 255
NK_COLOR_WINDOW=198, 188, 184, 215
NK_COLOR_BUTTON=207, 172, 144, 255
NK_COLOR_TOGGLE_CURSOR=207, 172, 144, 255
NK_COLOR_HEADER=204, 204, 199, 220
NK_COLOR_SLIDER_CURSOR=207, 172, 144, 245
NK_COLOR_BORDER=209, 209, 209, 255
NK_COLOR_BUTTON_ACTIVE=192, 157, 129, 255
NK_COLOR_BUTTON_HOVER=197, 162, 134, 255
NK_COLOR_TOGGLE=205, 197, 194, 255
NK_COLOR_TOGGLE_HOVER=210, 202, 199, 255
NK_COLOR_SCROLLBAR_CURSOR_HOVER=202, 167, 139, 255
NK_COLOR_SELECT=198, 188, 194, 255
NK_COLOR_SELECT_ACTIVE=207, 172, 144, 255
NK_COLOR_EDIT_CURSOR=45, 45, 45, 255
NK_COLOR_SLIDER=205, 197, 194, 255
NK_COLOR_SLIDER_CURSOR_ACTIVE=197, 162, 134, 255
NK_COLOR_SLIDER_CURSOR_HOVER=202, 167, 139, 255
NK_COLOR_PROPERTY=205, 197, 194, 255
NK_COLOR_EDIT=205, 197, 194, 225
NK_COLOR_SCROLLBAR=205, 197, 194, 255
NK_COLOR_COMBO=205, 197, 194, 255
NK_COLOR_CHART=205, 197, 194, 255
NK_COLOR_CHART_COLOR=207, 172, 144, 255
NK_COLOR_CHART_COLOR_HIGHLIGHT=0, 255, 255, 255
NK_COLOR_TAB_HEADER=207, 172, 144, 255
NK_COLOR_SCROLLBAR_CURSOR=207, 172, 144, 255
NK_COLOR_SCROLLBAR_CURSOR_ACTIVE=197, 162, 134, 255
[background]
bg=0.419608, 0.417219, 0.379001, 255.000000
