[theme]
NK_COLOR_TEXT=19, 19, 19, 255
NK_COLOR_WINDOW=105, 109, 141, 215
NK_COLOR_BUTTON=173, 188, 208, 255
NK_COLOR_TOGGLE_CURSOR=74, 87, 111, 255
NK_COLOR_HEADER=80, 90, 126, 136
NK_COLOR_SLIDER_CURSOR=165, 165, 165, 232
NK_COLOR_BORDER=36, 36, 46, 255
NK_COLOR_BUTTON_ACTIVE=64, 97, 126, 255
NK_COLOR_BUTTON_HOVER=69, 93, 121, 255
NK_COLOR_TOGGLE=136, 139, 181, 255
NK_COLOR_TOGGLE_HOVER=43, 44, 56, 255
NK_COLOR_SCROLLBAR_CURSOR_HOVER=72, 90, 116, 255
NK_COLOR_SELECT=43, 44, 61, 255
NK_COLOR_SELECT_ACTIVE=74, 87, 111, 255
NK_COLOR_EDIT_CURSOR=45, 45, 35, 255
NK_COLOR_SLIDER=45, 46, 61, 255
NK_COLOR_SLIDER_CURSOR_ACTIVE=69, 93, 121, 255
NK_COLOR_SLIDER_CURSOR_HOVER=72, 90, 116, 255
NK_COLOR_PROPERTY=45, 46, 61, 255
NK_COLOR_EDIT=45, 46, 61, 225
NK_COLOR_SCROLLBAR=45, 46, 61, 255
NK_COLOR_COMBO=45, 46, 61, 255
NK_COLOR_CHART=45, 46, 61, 255
NK_COLOR_CHART_COLOR=74, 87, 111, 255
NK_COLOR_CHART_COLOR_HIGHLIGHT=0, 0, 0, 255
NK_COLOR_TAB_HEADER=74, 87, 111, 255
NK_COLOR_SCROLLBAR_CURSOR=74, 87, 111, 255
NK_COLOR_SCROLLBAR_CURSOR_ACTIVE=69, 93, 121, 255
[background]
bg=0.111667, 0.143353, 0.207843, 255.000000
