[theme]
NK_COLOR_TEXT=210, 210, 210, 255
NK_COLOR_WINDOW=53, 56, 57, 215
NK_COLOR_BUTTON=57, 64, 69, 255
NK_COLOR_TOGGLE_CURSOR=114, 133, 149, 255
NK_COLOR_HEADER=50, 50, 51, 220
NK_COLOR_SLIDER_CURSOR=125, 127, 131, 245
NK_COLOR_BORDER=46, 46, 46, 255
NK_COLOR_BUTTON_ACTIVE=42, 54, 63, 255
NK_COLOR_BUTTON_HOVER=39, 50, 58, 255
NK_COLOR_TOGGLE=47, 49, 50, 255
NK_COLOR_TOGGLE_HOVER=43, 44, 45, 255
NK_COLOR_SCROLLBAR_CURSOR_HOVER=36, 46, 53, 255
NK_COLOR_SELECT=54, 57, 55, 255
NK_COLOR_SELECT_ACTIVE=33, 42, 48, 255
NK_COLOR_EDIT_CURSOR=210, 210, 210, 255
NK_COLOR_SLIDER=47, 49, 50, 255
NK_COLOR_SLIDER_CURSOR_ACTIVE=39, 50, 58, 255
NK_COLOR_SLIDER_CURSOR_HOVER=36, 46, 53, 255
NK_COLOR_PROPERTY=47, 49, 50, 255
NK_COLOR_EDIT=47, 49, 50, 225
NK_COLOR_SCROLLBAR=47, 49, 50, 255
NK_COLOR_COMBO=47, 49, 50, 255
NK_COLOR_CHART=47, 49, 50, 255
NK_COLOR_CHART_COLOR=33, 42, 48, 255
NK_COLOR_CHART_COLOR_HIGHLIGHT=0, 0, 0, 255
NK_COLOR_TAB_HEADER=33, 42, 48, 255
NK_COLOR_SCROLLBAR_CURSOR=33, 42, 48, 255
NK_COLOR_SCROLLBAR_CURSOR_ACTIVE=39, 50, 58, 255
[background]
bg=0.419608, 0.417219, 0.379001, 255.000000
